image_width: 640
image_height: 480
camera_name: narrow_stereo
camera_matrix:
  rows: 3
  cols: 3
  data: [633.1143980000001, 0, 319.338215, 0, 634.644332, 237.449296, 0, 0, 1]
distortion_model: plumb_bob
distortion_coefficients:
  rows: 1
  cols: 5
  data: [0.047441, -0.397388, 0.001178, 0.006641999999999999, 0]
rectification_matrix:
  rows: 3
  cols: 3
  data: [1, 0, 0, 0, 1, 0, 0, 0, 1]
projection_matrix:
  rows: 3
  cols: 4
  data: [622.46405, 0, 322.409817, 0, 0, 632.801208, 237.235842, 0, 0, 0, 1, 0]