# name: debug
# type: sparse matrix
# nnz: 3600
# rows: 60
# columns: 60

1 1 24451629.6
2 1 -10263265.3
3 1 3224024.56
4 1 1052935.69
5 1 1413991.27
6 1 -12644403
7 1 -37335.0732
8 1 30102.9587
9 1 -25889.1914
10 1 -432879.06
11 1 246088.57
12 1 2520428.01
13 1 -9047.20863
14 1 7270.26195
15 1 -7308.77279
16 1 -2726.5796
17 1 -693.948263
18 1 3239.63935
19 1 -7995.46382
20 1 6320.88651
21 1 -6387.14332
22 1 -2409.89465
23 1 -628.680444
24 1 2878.78065
25 1 -8979.10319
26 1 7616.31571
27 1 -10899.7756
28 1 -4029.44381
29 1 -501.621387
30 1 2997.44069
31 1 -8672.64243
32 1 7404.78386
33 1 -11232.4689
34 1 -4096.48044
35 1 -491.689295
36 1 2869.49336
37 1 -9475.51584
38 1 7616.15265
39 1 -6636.61003
40 1 723191.512
41 1 -547339.801
42 1 4973043.65
43 1 -10250.4934
44 1 8483.44951
45 1 -9887.034
46 1 -2885.06181
47 1 -580.342284
48 1 3274.25243
49 1 -9808.86411
50 1 8031.23139
51 1 -8222.62589
52 1 -2471.14089
53 1 -549.329983
54 1 3186.60711
55 1 -10370.0418
56 1 8501.78472
57 1 -10355.9056
58 1 -3384.57707
59 1 -729.481113
60 1 3531.14855
1 2 -10263265.3
2 2 19394390
3 2 -8622537.42
4 2 -3024660.73
5 2 -172497.313
6 2 9882134.75
7 2 30152.7417
8 2 -34323.3396
9 2 42161.1555
10 2 373593.015
11 2 -209152.871
12 2 -2133876.53
13 2 7281.44047
14 2 -11606.7221
15 2 17236.6878
16 2 6275.00981
17 2 9.06101137
18 2 -2863.34623
19 2 6318.62897
20 2 -10227.1093
21 2 15192.5005
22 2 5626.54454
23 2 9.85874376
24 2 -2501.01685
25 2 7662.02958
26 2 -12178.0249
27 2 22405.8458
28 2 8048.70337
29 2 -0.789985541
30 2 -2810.5251
31 2 7445.91754
32 2 -12039.1163
33 2 22996.7933
34 2 8153.42358
35 2 -0.99399226
36 2 -2707.63268
37 2 7602.1132
38 2 -11756.8821
39 2 16679.8792
40 2 -339775.8
41 2 233770.48
42 2 -4136263.21
43 2 8482.12136
44 2 -13691.8143
45 2 22994.4196
46 2 6810.81577
47 2 0.208082433
48 2 -2913.95189
49 2 8041.19741
50 2 -12730.4972
51 2 20082.2144
52 2 6052.71967
53 2 0.385106017
54 2 -2811.57656
55 2 8498.05528
56 2 -14130.8709
57 2 24146.2155
58 2 7882.03273
59 2 6.41708599
60 2 -3138.82037
1 3 3224024.56
2 3 -8622537.42
3 3 33664545.6
4 3 12933986.4
5 3 -6616590.57
6 3 -880438.378
7 3 -25087.4106
8 3 41493.3647
9 3 -113982.747
10 3 -108951.425
11 3 43403.3202
12 3 433525.311
13 3 -7318.67259
14 3 17246.2084
15 3 -42695.7401
16 3 -13641.502
17 3 580.893488
18 3 2703.88937
19 3 -6375.53838
20 3 15205.3729
21 3 -37972.0608
22 3 -12266.497
23 3 500.094053
24 3 2377.08512
25 3 -11051.3974
26 3 22392.0221
27 3 -64125.1016
28 3 -22704.7225
29 3 484.372365
30 3 4094.58852
31 3 -11363.0259
32 3 22968.1408
33 3 -66331.3042
34 3 -23160.9532
35 3 449.447729
36 3 4154.10718
37 3 -6588.39059
38 3 16662.2723
39 3 -43921.5265
40 3 -5687196.75
41 3 4845620.12
42 3 -749663.846
43 3 -9824.44481
44 3 22930.403
45 3 -65298.6654
46 3 -17942.5467
47 3 628.81682
48 3 2868.14303
49 3 -8177.23347
50 3 20014.7174
51 3 -55676.3637
52 3 -15524.2243
53 3 629.511967
54 3 2458.18753
55 3 -10307.1851
56 3 24107.8773
57 3 -66883.7827
58 3 -19576.8493
59 3 627.94453
60 3 3353.11062
1 4 1052935.69
2 4 -3024660.73
3 4 12933986.4
4 4 861908098
5 4 -714873721
6 4 4464224.76
7 4 -307657.405
8 4 265927.024
9 4 -112452.599
10 4 -13091106.7
11 4 7601438.74
12 4 77269796.7
13 4 -2721.35342
14 4 6351.34194
15 4 -13681.5101
16 4 -5611.60157
17 4 155.034378
18 4 1341.16702
19 4 -2390.19055
20 4 5696.98886
21 4 -12285.6902
22 4 -5185.87663
23 4 133.985653
24 4 1216.35576
25 4 -4092.14186
26 4 8036.71697
27 4 -22698.9978
28 4 -8618.37601
29 4 108.541617
30 4 1597.96599
31 4 -4151.86844
32 4 8136.53465
33 4 -23155.6049
34 4 -8702.30001
35 4 100.564006
36 4 1606.60267
37 4 -1915.71639
38 4 4989.7651
39 4 -14450.5587
40 4 -833836796
41 4 712314771
42 4 -82492190.7
43 4 -2871.0671
44 4 6796.84985
45 4 -17943.5794
46 4 -5055.84521
47 4 139.259448
48 4 861.175959
49 4 -2465.21235
50 4 6046.10093
51 4 -15538.4755
52 4 -4441.86503
53 4 139.219904
54 4 758.613769
55 4 -3360.4956
56 4 7906.11719
57 4 -19578.1055
58 4 -6711.70579
59 4 157.410582
60 4 1363.95256
1 5 1413991.27
2 5 -172497.313
3 5 -6616590.57
4 5 -714873721
5 5 612030546
6 5 -91464888.2
7 5 136550.133
8 5 -115656.55
9 5 36177.9759
10 5 5998176.26
11 5 -3486515
12 5 -35436515.3
13 5 -688.99483
14 5 -8.69664349
15 5 607.12302
16 5 176.81138
17 5 -254.259863
18 5 254.060253
19 5 -621.549959
20 5 -9.47025377
21 5 527.267085
22 5 158.323954
23 5 -230.615217
24 5 235.834515
25 5 -501.508195
26 5 0.883883869
27 5 479.448552
28 5 106.243965
29 5 -154.175256
30 5 128.325171
31 5 -492.166372
32 5 1.08693032
33 5 444.038454
34 5 98.136068
35 5 -144.945456
36 5 125.303815
37 5 -696.550096
38 5 173.612072
39 5 2410.57234
40 5 706303072
41 5 -602523725
42 5 126887854
43 5 -582.570309
44 5 -0.130206366
45 5 632.80755
46 5 140.797124
47 5 -194.661661
48 5 141.191507
49 5 -554.122195
50 5 -0.383540468
51 5 636.3944
52 5 141.986002
53 5 -190.967404
54 5 133.963226
55 5 -725.835735
56 5 -6.13048308
57 5 647.977943
58 5 173.386279
59 5 -252.586933
60 5 237.700087
1 6 -12644403
2 6 9882134.75
3 6 -880438.378
4 6 4464224.76
5 6 -91464888.2
6 6 1.88639198e+09
7 6 2464678.73
8 6 -2073092.66
9 6 626616.172
10 6 107107861
11 6 -62251740.8
12 6 -632814011
13 6 3258.54047
14 6 -2898.54554
15 6 2743.07455
16 6 1376.7633
17 6 267.362477
18 6 -1389.43177
19 6 2892.86414
20 6 -2538.80257
21 6 2421.79937
22 6 1259.7417
23 6 250.544756
24 6 -1255.93948
25 6 2997.49331
26 6 -2790.03976
27 6 4026.90578
28 6 1569.1948
29 6 128.109494
30 6 -1052.72141
31 6 2869.21883
32 6 -2688.62475
33 6 4094.14847
34 6 1580.65912
35 6 124.881785
36 6 -1001.63824
37 6 4893.06734
38 6 -4229.2459
39 6 1679.31743
40 6 -149487110
41 6 109464996
42 6 -1.24319102e+09
43 6 3272.33674
44 6 -2912.96453
45 6 2887.8993
46 6 865.743493
47 6 140.45241
48 6 -1096.64365
49 6 3183.33234
50 6 -2806.10767
51 6 2478.11212
52 6 762.345963
53 6 132.75648
54 6 -1082.09387
55 6 3533.99633
56 6 -3157.3684
57 6 3391.23039
58 6 1393.42824
59 6 245.754805
60 6 -1388.44092
1 7 -37335.0732
2 7 30152.7417
3 7 -25087.4106
4 7 -307657.405
5 7 136550.133
6 7 2464678.73
7 7 24734626.6
8 7 -10271653.3
9 7 3362113.8
10 7 1137864.61
11 7 1312330.65
12 7 -11583922
13 7 -9260.2713
14 7 7306.97942
15 7 -7198.36033
16 7 -2532.17008
17 7 -673.508637
18 7 3201.49531
19 7 -8672.8786
20 7 6800.94519
21 7 -7116.02694
22 7 -2481.85892
23 7 -646.808401
24 7 2976.24637
25 7 -9179.20502
26 7 7702.25841
27 7 -10818.8455
28 7 -3991.36902
29 7 -512.998063
30 7 3065.75397
31 7 -9468.43115
32 7 8041.80771
33 7 -12168.5977
34 7 -4373.50217
35 7 -549.110152
36 7 3116.77191
37 7 -10592.8198
38 7 8425.42604
39 7 -7826.68011
40 7 486779.154
41 7 -361370.104
42 7 3902065.5
43 7 -10824.2535
44 7 8825.4988
45 7 -10083.2014
46 7 -2976.87303
47 7 -646.674321
48 7 3460.82108
49 7 -10492.8083
50 7 8524.83926
51 7 -9105.33771
52 7 -2717.8281
53 7 -603.292878
54 7 3375.90062
55 7 -10834.5034
56 7 8854.41931
57 7 -11099.836
58 7 -3481.60657
59 7 -732.852371
60 7 3585.26672
1 8 30102.9587
2 8 -34323.3396
3 8 41493.3647
4 8 265927.024
5 8 -115656.55
6 8 -2073092.66
7 8 -10271653.3
8 8 19626971.4
9 8 -9073919.88
10 8 -3115167.07
11 8 -140233.2
12 8 8895751.81
13 8 7333.78127
14 8 -12091.1618
15 8 17745.358
16 8 6169.45883
17 8 6.57110123
18 8 -2800.54411
19 8 6817.7111
20 8 -11334.4931
21 8 17056.4178
22 8 5935.46318
23 8 7.24540517
24 8 -2580.70484
25 8 7749.72129
26 8 -12505.8989
27 8 22654.622
28 8 8156.44026
29 8 -0.994101879
30 8 -2848.05888
31 8 8085.16059
32 8 -13315.8573
33 8 25245.9306
34 8 8861.8629
35 8 -1.28283087
36 8 -2928.42906
37 8 8410.67349
38 8 -13615.8332
39 8 19790.1329
40 8 -231091.52
41 8 155479.372
42 8 -3204642.5
43 8 8826.1833
44 8 -14530.3382
45 8 23912.617
46 8 7195.13787
47 8 0.136884152
48 8 -3058.95316
49 8 8540.35589
50 8 -13980.7107
51 8 22316.7373
52 8 6751.16807
53 8 0.519244342
54 8 -2969.39269
55 8 8862.33916
56 8 -15030.4535
57 8 25902.5195
58 8 8219.83183
59 8 4.841583
60 8 -3182.43723
1 9 -25889.1914
2 9 42161.1555
3 9 -113982.747
4 9 -112452.599
5 9 36177.9759
6 9 626616.172
7 9 3362113.8
8 9 -9073919.88
9 9 34652133.3
